0	12.0862
60	12.207
120	12.4185
180	12.5394
240	12.7811
300	12.9422
360	13.194
420	13.3047
480	13.5565
540	13.6774
600	13.8586
660	13.9795
720	14.1708
780	14.2715
840	14.4528
900	14.5636
960	14.7348
1020	14.8154
1080	14.9866
1140	15.0873
1200	15.3391
1260	15.9836
1320	16.9202
1380	16.9705
1440	17.3935
1500	17.9172
1560	17.887
1620	18.038
1680	18.602
1740	18.3905
1800	18.6624
1860	18.9746
1920	18.7128
1980	18.8538
2040	19.3069
2100	19.4983
2160	19.9112
2220	20.1126
2280	20.4651
2340	20.6061
2400	20.9384
2460	21.1398
2520	21.452
2580	21.6333
2640	21.8851
2700	22.0059
2760	22.2375
2820	22.2778
2880	22.4893
2940	22.298
3000	21.1398
3060	20.5356
3120	19.458
3180	18.884
3240	17.9977
3300	17.5446
3360	16.6684
3420	16.3361
3480	16.1346
3540	16.2051
3600	16.4569
3660	16.5173
3720	16.5878
3780	16.618
3840	16.759
3900	16.7993
3960	17.0309
4020	16.6885
4080	16.1346
4140	16.2756
4200	16.6684
4260	16.759
4320	16.9101
4380	16.9705
4440	17.1216
4500	17.2021
4560	17.3532
4620	17.4036
4680	18.3704
4740	18.4811
4800	18.602
4860	18.6725
4920	18.4912
4980	18.038
5040	17.2525
5100	16.8497
5160	16.0037
5220	15.5707
5280	14.8254
5340	14.4125
5400	13.7479
5460	13.4357
5520	12.8415
5580	12.5897
5640	12.1164
5700	11.8747
5760	12.0761
5820	12.3279
5880	12.1265
5940	11.925
6000	11.4618
6060	11.2302
6120	10.777
6180	10.5554
6240	10.1627
6300	9.921
6360	9.5886
6420	9.4174
6480	9.075
6540	8.8937
6600	8.6118
6660	8.7527
6720	9.2059
6780	9.4577
6840	9.5685
6900	10.8878
6960	11.6431
7020	11.5625
7080	11.3107
7140	11.0992
7200	11.0086
7260	11.1496
7320	10.777
7380	10.6158
7440	10.7971
7500	10.918
7560	10.7669
7620	10.5353
7680	10.2231
7740	10.1929
7800	9.7699
7860	9.5181
7920	9.1153
7980	8.9038
8040	9.4174
8100	9.8505
8160	9.9411
8220	10.0015
8280	10.1627
8340	10.2533
8400	10.4547
8460	10.6461
8520	10.8475
8580	10.9985
8640	11.9653
8700	11.9452
8760	12.2675
8820	12.6602
8880	12.6904
8940	12.6703
9000	12.8415
9060	13.053
9120	13.0026
9180	12.8616
9240	12.5394
9300	12.338
9360	12.207
9420	12.0862
9480	11.8546
9540	11.7136
9600	11.4819
9660	11.3309
9720	11.069
9780	10.9985
9840	10.7166
9900	10.6461
9960	10.4547
10020	10.3741
10080	10.2533
10140	10.7468
10200	11.0791
10260	11.0086
10320	11.4618
10380	12.0358
10440	13.194
10500	13.7378
10560	14.3723
10620	14.6341
10680	15.0873
10740	15.2686
10800	15.4297
10860	15.5304
10920	15.1981
10980	14.8959
11040	14.3723
11100	14.0198
11160	13.2544
11220	12.8717
11280	12.2372
11340	11.925
11400	11.8546
11460	11.9653
11520	11.7136
11580	11.4517
11640	10.928
11700	10.6964
11760	10.2029
11820	9.9411
11880	9.4476
11940	9.2563
12000	8.793
12060	8.5815
12120	8.6621
12180	8.8434
12240	9.1757
12300	9.1959
12360	9.2261
12420	9.2563
12480	9.3771
12540	9.4174
12600	9.5685
12660	9.6591
12720	9.79
12780	9.8907
12840	10.0821
12900	10.2029
12960	10.3641
13020	10.4849
13080	10.6461
13140	10.7669
13200	18.7027
13260	18.1085
13320	16.9403
13380	16.7389
13440	16.3461
13500	16.2152
13560	16.5475
13620	16.3663
13680	15.7922
13740	15.5304
13800	14.7852
13860	14.3723
13920	13.6673
13980	13.345
14040	12.6904
14100	12.3682
14160	11.8546
14220	11.5625
14280	12.3581
14340	13.1235
14400	14.0701
14460	13.9291
14520	14.0399
14580	14.1306
14640	14.3118
14700	14.4125
14760	14.614
14820	14.7147
14880	14.8959
14940	15.0369
15000	15.2182
15060	15.3391
15120	15.5203
15180	15.6009
15240	15.7822
15300	15.8829
15360	16.0541
15420	16.1548
15480	16.3361
15540	16.4368
15600	16.5878
15660	16.6684
15720	16.7993
15780	16.9403
15840	17.0914
15900	17.2122
15960	17.3331
16020	17.4036
16080	17.5546
16140	17.6654
16200	17.7661
16260	17.8467
16320	17.9675
16380	18.0078
16440	18.1589
16500	18.4912
16560	18.9343
16620	19.1861
16680	19.599
16740	19.8608
16800	20.1831
16860	20.4147
16920	20.737
16980	20.9384
17040	21.1902
17100	21.3614
17160	21.6434
17220	21.7844
17280	21.9455
17340	22.0361
17400	22.1973
17460	22.3886
17520	22.6102
17580	22.731
17640	22.9425
17700	23.0634
17760	23.2043
17820	23.2547
17880	23.436
17940	23.5165
18000	23.6978
18060	23.7683
18120	23.8791
18180	23.9294
18240	23.9999
18300	24.0604
18360	24.1006
18420	24.1107
18480	24.151
18540	24.1611
18600	24.2215
18660	24.2316
18720	24.2316
18780	24.2316
18840	24.2215
18900	24.2215
18960	24.2618
19020	24.2517
19080	24.2215
19140	24.2618
19200	24.2618
19260	24.2618
19320	24.2517
19380	24.2618
19440	24.2618
19500	24.2517
19560	24.2618
19620	24.2819
19680	24.2618
19740	24.3121
19800	24.2819
19860	24.2819
19920	24.3021
19980	24.3021
20040	24.2819
20100	24.2819
20160	24.2819
20220	24.2618
20280	24.2819
20340	24.3021
20400	24.2517
20460	24.2215
20520	24.2517
20580	24.2517
20640	24.2114
20700	24.1913
20760	24.1812
20820	24.1107
20880	24.1107
20940	24.151
21000	24.1309
21060	24.0805
21120	24.0604
21180	24.0302
21240	24.01
21300	24.01
21360	23.9697
21420	23.9697
21480	23.9496
21540	23.9294
21600	23.8892
